Distortion0= 0.100942
LM0= 0.107926
WordPenalty0= -0.520421
PhrasePenalty0= -0.0577963
TranslationModel0= 0.0200684
TranslationModel0= 0.0270067
TranslationModel0= 0.0602304
TranslationModel0= 0.105609
