Distortion0= 0.0844735
LM0= 0.108464
WordPenalty0= -0.397232
PhrasePenalty0= -0.1676
TranslationModel0= 0.0631753
TranslationModel0= 0.0471873
TranslationModel0= 0.0475603
TranslationModel0= 0.0843071
