Distortion0= 0.118579
LM0= 0.160108
WordPenalty0= -0.43387
PhrasePenalty0= 0.0194326
TranslationModel0= 0.0414922
TranslationModel0= 0.103304
TranslationModel0= 0.113531
TranslationModel0= 0.00968308
