Distortion0= 0.116291
LM0= 0.144705
WordPenalty0= -0.456423
PhrasePenalty0= 0.031045
TranslationModel0= 0.0303103
TranslationModel0= 0.0880212
TranslationModel0= 0.0790733
TranslationModel0= 0.0541318
