Distortion0= 0.118
LM0= 0.146831
WordPenalty0= -0.463129
PhrasePenalty0= 0.0175432
TranslationModel0= 0.0307557
TranslationModel0= 0.0893145
TranslationModel0= 0.079499
TranslationModel0= 0.0549272
