Distortion0= 0.118358
LM0= 0.147277
WordPenalty0= -0.464534
PhrasePenalty0= 0.0145622
TranslationModel0= 0.030849
TranslationModel0= 0.0895855
TranslationModel0= 0.0797402
TranslationModel0= 0.0550939
