Distortion0= 0.118562
LM0= 0.147243
WordPenalty0= -0.464427
PhrasePenalty0= 0.0145588
TranslationModel0= 0.0308419
TranslationModel0= 0.0895648
TranslationModel0= 0.0797218
TranslationModel0= 0.0550812
